5.142408
5.126645
5.325025
5.496869
5.619571
5.850316
5.690331
5.789136
5.709262
5.882328
5.828356
5.740236
5.786716
5.390770
5.321682
5.166444
5.462200
5.539382
5.528019
5.431840
5.829642
6.067701
6.063008
5.858847
5.862406
6.338637
6.479506
6.469282
6.403235
6.355821
5.886372
6.033862
6.169176
6.279167
6.269870
6.433322
6.553793
6.677885
6.845901
6.799279
6.776557
6.606607
7.161446
8.143842
8.419211
8.669784
8.317531
7.385050
7.013559
7.432498
7.381510
7.218752
7.183040
7.322929
7.013075
7.477885
7.402398
7.495711
7.837152
8.287304
8.158362
8.245391
8.304389
8.013838
7.361775
7.606154
7.676953
8.978841
10.401114
10.520557
9.581796
8.910098
8.741810
8.739220
9.057031
9.134036
8.696911
8.238589
8.213403
7.850047
8.713858
8.581401
8.827400
