7.228008
7.128429
7.374273
7.697402
7.675960
7.931653
7.836810
7.894965
7.879178
7.848884
7.737363
7.713088
7.468090
6.915091
6.606078
6.741101
6.613074
6.635219
6.768485
6.841070
6.923362
7.053569
7.047328
6.873145
6.884776
7.346847
7.236456
7.320346
7.247559
7.108038
6.569279
6.616937
6.815702
6.902633
6.954660
7.173486
7.338737
7.335814
7.450544
7.495048
7.514747
7.509882
8.175598
8.747120
9.147406
9.062561
8.566683
8.365155
8.728603
9.508928
9.438064
8.842435
8.477420
8.147564
7.640075
7.328300
6.915437
7.105739
7.697602
8.120925
7.679024
7.841503
7.804650
7.425080
6.907546
7.220688
7.483725
8.153936
9.078885
9.196480
8.260173
8.146611
7.167056
7.542755
7.416019
7.454998
7.234400
7.197039
7.105084
6.659693
6.966334
6.699961
6.439173
